[
  {
    "w": 512,
    "h": 512,
    "fx": 548.9937684857528,
    "fy": 548.9937684857528,
    "cx": 256.0,
    "cy": 256.0,
    "w2c": [
      [
        0.0,
        1.0,
        0.0,
        0.0
      ],
      [
        0.0,
        0.0,
        -1.0,
        0.0
      ],
      [
        -1.0,
        0.0,
        0.0,
        2.700000047683716
      ],
      [
        0.0,
        0.0,
        0.0,
        1.0
      ]
    ],
    "file_path": "renderings/00000000_rgba.png"
  },
  {
    "w": 512,
    "h": 512,
    "fx": 548.9937684857528,
    "fy": 548.9937684857528,
    "cx": 256.0,
    "cy": 256.0,
    "w2c": [
      [
        -0.3826834603254613,
        0.9238794551767853,
        0.0,
        6.253102980210936e-08
      ],
      [
        0.0,
        0.0,
        -1.0,
        0.0
      ],
      [
        -0.9238795743860762,
        -0.38268351993010674,
        0.0,
        2.7000001353878127
      ],
      [
        0.0,
        0.0,
        0.0,
        1.0
      ]
    ],
    "file_path": "renderings/00000001_rgba.png"
  },
  {
    "w": 512,
    "h": 512,
    "fx": 548.9937684857528,
    "fy": 548.9937684857528,
    "cx": 256.0,
    "cy": 256.0,
    "w2c": [
      [
        -0.7071067336835231,
        0.7071067336835231,
        0.0,
        0.0
      ],
      [
        0.0,
        0.0,
        -1.0,
        0.0
      ],
      [
        -0.7071067336835231,
        -0.7071067336835231,
        0.0,
        2.6999997639776643
      ],
      [
        0.0,
        0.0,
        0.0,
        1.0
      ]
    ],
    "file_path": "renderings/00000002_rgba.png"
  },
  {
    "w": 512,
    "h": 512,
    "fx": 548.9937684857528,
    "fy": 548.9937684857528,
    "cx": 256.0,
    "cy": 256.0,
    "w2c": [
      [
        -0.9238794551767853,
        0.3826834603254613,
        0.0,
        -6.253102980210936e-08
      ],
      [
        0.0,
        0.0,
        -1.0,
        0.0
      ],
      [
        -0.38268351993010674,
        -0.9238795743860762,
        0.0,
        2.7000001353878127
      ],
      [
        0.0,
        0.0,
        0.0,
        1.0
      ]
    ],
    "file_path": "renderings/00000003_rgba.png"
  },
  {
    "w": 512,
    "h": 512,
    "fx": 548.9937684857528,
    "fy": 548.9937684857528,
    "cx": 256.0,
    "cy": 256.0,
    "w2c": [
      [
        -1.0,
        6.123233601181349e-17,
        0.0,
        8.329871021319975e-24
      ],
      [
        0.0,
        0.0,
        -1.0,
        0.0
      ],
      [
        -6.123233601181349e-17,
        -1.0,
        0.0,
        2.700000047683716
      ],
      [
        0.0,
        0.0,
        0.0,
        1.0
      ]
    ],
    "file_path": "renderings/00000004_rgba.png"
  },
  {
    "w": 512,
    "h": 512,
    "fx": 548.9937684857528,
    "fy": 548.9937684857528,
    "cx": 256.0,
    "cy": 256.0,
    "w2c": [
      [
        -0.9238794551767853,
        -0.3826834603254613,
        0.0,
        6.253102980210936e-08
      ],
      [
        0.0,
        0.0,
        -1.0,
        0.0
      ],
      [
        0.38268351993010674,
        -0.9238795743860762,
        0.0,
        2.7000001353878127
      ],
      [
        0.0,
        0.0,
        0.0,
        1.0
      ]
    ],
    "file_path": "renderings/00000005_rgba.png"
  },
  {
    "w": 512,
    "h": 512,
    "fx": 548.9937684857528,
    "fy": 548.9937684857528,
    "cx": 256.0,
    "cy": 256.0,
    "w2c": [
      [
        -0.7071067336835231,
        -0.7071067336835231,
        0.0,
        0.0
      ],
      [
        0.0,
        0.0,
        -1.0,
        0.0
      ],
      [
        0.7071067336835231,
        -0.7071067336835231,
        0.0,
        2.6999997639776643
      ],
      [
        0.0,
        0.0,
        0.0,
        1.0
      ]
    ],
    "file_path": "renderings/00000006_rgba.png"
  },
  {
    "w": 512,
    "h": 512,
    "fx": 548.9937684857528,
    "fy": 548.9937684857528,
    "cx": 256.0,
    "cy": 256.0,
    "w2c": [
      [
        -0.3826834603254613,
        -0.9238794551767853,
        0.0,
        -6.253102980210936e-08
      ],
      [
        0.0,
        0.0,
        -1.0,
        0.0
      ],
      [
        0.9238795743860762,
        -0.38268351993010674,
        0.0,
        2.7000001353878127
      ],
      [
        0.0,
        0.0,
        0.0,
        1.0
      ]
    ],
    "file_path": "renderings/00000007_rgba.png"
  },
  {
    "w": 512,
    "h": 512,
    "fx": 548.9937684857528,
    "fy": 548.9937684857528,
    "cx": 256.0,
    "cy": 256.0,
    "w2c": [
      [
        -1.2246467202362698e-16,
        -1.0,
        0.0,
        1.665974204263995e-23
      ],
      [
        0.0,
        0.0,
        -1.0,
        0.0
      ],
      [
        1.0,
        -1.2246467202362698e-16,
        0.0,
        2.700000047683716
      ],
      [
        0.0,
        0.0,
        0.0,
        1.0
      ]
    ],
    "file_path": "renderings/00000008_rgba.png"
  },
  {
    "w": 512,
    "h": 512,
    "fx": 548.9937684857528,
    "fy": 548.9937684857528,
    "cx": 256.0,
    "cy": 256.0,
    "w2c": [
      [
        0.3826834603254613,
        -0.9238794551767853,
        0.0,
        6.253102980210936e-08
      ],
      [
        0.0,
        0.0,
        -1.0,
        0.0
      ],
      [
        0.9238795743860762,
        0.38268351993010674,
        0.0,
        2.7000001353878127
      ],
      [
        0.0,
        0.0,
        0.0,
        1.0
      ]
    ],
    "file_path": "renderings/00000009_rgba.png"
  },
  {
    "w": 512,
    "h": 512,
    "fx": 548.9937684857528,
    "fy": 548.9937684857528,
    "cx": 256.0,
    "cy": 256.0,
    "w2c": [
      [
        0.7071067336835231,
        -0.7071067336835231,
        0.0,
        0.0
      ],
      [
        0.0,
        0.0,
        -1.0,
        0.0
      ],
      [
        0.7071067336835231,
        0.7071067336835231,
        0.0,
        2.6999997639776643
      ],
      [
        0.0,
        0.0,
        0.0,
        1.0
      ]
    ],
    "file_path": "renderings/00000010_rgba.png"
  },
  {
    "w": 512,
    "h": 512,
    "fx": 548.9937684857528,
    "fy": 548.9937684857528,
    "cx": 256.0,
    "cy": 256.0,
    "w2c": [
      [
        0.9238794551767853,
        -0.3826834603254613,
        0.0,
        -6.253102980210936e-08
      ],
      [
        0.0,
        0.0,
        -1.0,
        0.0
      ],
      [
        0.38268351993010674,
        0.9238795743860762,
        0.0,
        2.7000001353878127
      ],
      [
        0.0,
        0.0,
        0.0,
        1.0
      ]
    ],
    "file_path": "renderings/00000011_rgba.png"
  },
  {
    "w": 512,
    "h": 512,
    "fx": 548.9937684857528,
    "fy": 548.9937684857528,
    "cx": 256.0,
    "cy": 256.0,
    "w2c": [
      [
        1.0,
        -1.8369701465288538e-16,
        0.0,
        -6.112378283578279e-24
      ],
      [
        0.0,
        0.0,
        -1.0,
        0.0
      ],
      [
        1.8369701465288538e-16,
        1.0,
        0.0,
        2.700000047683716
      ],
      [
        0.0,
        0.0,
        0.0,
        1.0
      ]
    ],
    "file_path": "renderings/00000012_rgba.png"
  },
  {
    "w": 512,
    "h": 512,
    "fx": 548.9937684857528,
    "fy": 548.9937684857528,
    "cx": 256.0,
    "cy": 256.0,
    "w2c": [
      [
        0.9238794551767853,
        0.3826834603254613,
        0.0,
        6.253102980210936e-08
      ],
      [
        0.0,
        0.0,
        -1.0,
        0.0
      ],
      [
        -0.38268351993010674,
        0.9238795743860762,
        0.0,
        2.7000001353878127
      ],
      [
        0.0,
        0.0,
        0.0,
        1.0
      ]
    ],
    "file_path": "renderings/00000013_rgba.png"
  },
  {
    "w": 512,
    "h": 512,
    "fx": 548.9937684857528,
    "fy": 548.9937684857528,
    "cx": 256.0,
    "cy": 256.0,
    "w2c": [
      [
        0.7071067336835231,
        0.7071067336835231,
        0.0,
        0.0
      ],
      [
        0.0,
        0.0,
        -1.0,
        0.0
      ],
      [
        -0.7071067336835231,
        0.7071067336835231,
        0.0,
        2.6999997639776643
      ],
      [
        0.0,
        0.0,
        0.0,
        1.0
      ]
    ],
    "file_path": "renderings/00000014_rgba.png"
  },
  {
    "w": 512,
    "h": 512,
    "fx": 548.9937684857528,
    "fy": 548.9937684857528,
    "cx": 256.0,
    "cy": 256.0,
    "w2c": [
      [
        0.3826834603254613,
        0.9238794551767853,
        0.0,
        -6.253102980210936e-08
      ],
      [
        0.0,
        0.0,
        -1.0,
        0.0
      ],
      [
        -0.9238795743860762,
        0.38268351993010674,
        0.0,
        2.7000001353878127
      ],
      [
        0.0,
        0.0,
        0.0,
        1.0
      ]
    ],
    "file_path": "renderings/00000015_rgba.png"
  },
  {
    "w": 512,
    "h": 512,
    "fx": 548.9937684857528,
    "fy": 548.9937684857528,
    "cx": 256.0,
    "cy": 256.0,
    "w2c": [
      [
        0.0,
        1.0,
        0.0,
        0.0
      ],
      [
        0.3420201279649535,
        0.0,
        -0.939692626815058,
        2.7716773020088448e-08
      ],
      [
        -0.939692626815058,
        0.0,
        -0.3420201577672762,
        2.7000001242619702
      ],
      [
        0.0,
        0.0,
        0.0,
        1.0
      ]
    ],
    "file_path": "renderings/00000016_rgba.png"
  },
  {
    "w": 512,
    "h": 512,
    "fx": 548.9937684857528,
    "fy": 548.9937684857528,
    "cx": 256.0,
    "cy": 256.0,
    "w2c": [
      [
        -0.38268341585202265,
        0.9238794982873405,
        7.2347146510960945e-09,
        -4.325739530612901e-08
      ],
      [
        0.31598540961450505,
        0.13088545338308466,
        -0.9396926340719236,
        3.783383143847687e-08
      ],
      [
        -0.8681627550418891,
        -0.35960479470242374,
        -0.34202010802687993,
        2.699999861197942
      ],
      [
        0.0,
        0.0,
        0.0,
        1.0
      ]
    ],
    "file_path": "renderings/00000017_rgba.png"
  },
  {
    "w": 512,
    "h": 512,
    "fx": 548.9937684857528,
    "fy": 548.9937684857528,
    "cx": 256.0,
    "cy": 256.0,
    "w2c": [
      [
        -0.7071067336835231,
        0.707106733683523,
        -3.92523088301468e-17,
        1.6385117771444577e-16
      ],
      [
        0.24184474787774538,
        0.24184474787774538,
        -0.9396926425729167,
        6.441155315947938e-08
      ],
      [
        -0.6644630179132355,
        -0.6644630179132355,
        -0.3420201144729133,
        2.7000000234438852
      ],
      [
        0.0,
        0.0,
        0.0,
        1.0
      ]
    ],
    "file_path": "renderings/00000018_rgba.png"
  },
  {
    "w": 512,
    "h": 512,
    "fx": 548.9937684857528,
    "fy": 548.9937684857528,
    "cx": 256.0,
    "cy": 256.0,
    "w2c": [
      [
        -0.9238794982873405,
        0.38268341585202265,
        -7.2347146510960945e-09,
        4.325739530612901e-08
      ],
      [
        0.13088545338308466,
        0.31598540961450505,
        -0.9396926340719236,
        3.783383143847687e-08
      ],
      [
        -0.35960479470242374,
        -0.8681627550418891,
        -0.34202010802687993,
        2.699999861197942
      ],
      [
        0.0,
        0.0,
        0.0,
        1.0
      ]
    ],
    "file_path": "renderings/00000019_rgba.png"
  },
  {
    "w": 512,
    "h": 512,
    "fx": 548.9937684857528,
    "fy": 548.9937684857528,
    "cx": 256.0,
    "cy": 256.0,
    "w2c": [
      [
        -1.0,
        6.123233905617735e-17,
        -3.964116798554564e-25,
        3.356650075515144e-24
      ],
      [
        2.0942693661652835e-17,
        0.3420201279649535,
        -0.939692626815058,
        2.7716773020088448e-08
      ],
      [
        -5.753958089132749e-17,
        -0.939692626815058,
        -0.3420201577672762,
        2.7000001242619702
      ],
      [
        0.0,
        0.0,
        0.0,
        1.0
      ]
    ],
    "file_path": "renderings/00000020_rgba.png"
  },
  {
    "w": 512,
    "h": 512,
    "fx": 548.9937684857528,
    "fy": 548.9937684857528,
    "cx": 256.0,
    "cy": 256.0,
    "w2c": [
      [
        -0.9238794982873405,
        -0.38268341585202265,
        7.2347146510960945e-09,
        -4.325739530612901e-08
      ],
      [
        -0.13088545338308466,
        0.31598540961450505,
        -0.9396926340719236,
        3.783383143847687e-08
      ],
      [
        0.35960479470242374,
        -0.8681627550418891,
        -0.34202010802687993,
        2.699999861197942
      ],
      [
        0.0,
        0.0,
        0.0,
        1.0
      ]
    ],
    "file_path": "renderings/00000021_rgba.png"
  },
  {
    "w": 512,
    "h": 512,
    "fx": 548.9937684857528,
    "fy": 548.9937684857528,
    "cx": 256.0,
    "cy": 256.0,
    "w2c": [
      [
        -0.7071067336835231,
        -0.707106733683523,
        3.92523088301468e-17,
        -1.6385117771444577e-16
      ],
      [
        -0.24184474787774538,
        0.24184474787774538,
        -0.9396926425729167,
        6.441155315947938e-08
      ],
      [
        0.6644630179132355,
        -0.6644630179132355,
        -0.3420201144729133,
        2.7000000234438852
      ],
      [
        0.0,
        0.0,
        0.0,
        1.0
      ]
    ],
    "file_path": "renderings/00000022_rgba.png"
  },
  {
    "w": 512,
    "h": 512,
    "fx": 548.9937684857528,
    "fy": 548.9937684857528,
    "cx": 256.0,
    "cy": 256.0,
    "w2c": [
      [
        -0.38268341585202265,
        -0.9238794982873405,
        -7.2347146510960945e-09,
        4.325739530612901e-08
      ],
      [
        -0.31598540961450505,
        0.13088545338308466,
        -0.9396926340719236,
        3.783383143847687e-08
      ],
      [
        0.8681627550418891,
        -0.35960479470242374,
        -0.34202010802687993,
        2.699999861197942
      ],
      [
        0.0,
        0.0,
        0.0,
        1.0
      ]
    ],
    "file_path": "renderings/00000023_rgba.png"
  },
  {
    "w": 512,
    "h": 512,
    "fx": 548.9937684857528,
    "fy": 548.9937684857528,
    "cx": 256.0,
    "cy": 256.0,
    "w2c": [
      [
        -1.224646781123547e-16,
        -1.0,
        -7.928233597109128e-25,
        6.713300151030288e-24
      ],
      [
        -0.3420201279649535,
        4.188538732330567e-17,
        -0.939692626815058,
        2.7716773020088448e-08
      ],
      [
        0.939692626815058,
        -1.1507916178265497e-16,
        -0.3420201577672762,
        2.7000001242619702
      ],
      [
        0.0,
        0.0,
        0.0,
        1.0
      ]
    ],
    "file_path": "renderings/00000024_rgba.png"
  },
  {
    "w": 512,
    "h": 512,
    "fx": 548.9937684857528,
    "fy": 548.9937684857528,
    "cx": 256.0,
    "cy": 256.0,
    "w2c": [
      [
        0.38268341585202265,
        -0.9238794982873405,
        7.2347146510960945e-09,
        -4.325739530612901e-08
      ],
      [
        -0.31598540961450505,
        -0.13088545338308466,
        -0.9396926340719236,
        3.783383143847687e-08
      ],
      [
        0.8681627550418891,
        0.35960479470242374,
        -0.34202010802687993,
        2.699999861197942
      ],
      [
        0.0,
        0.0,
        0.0,
        1.0
      ]
    ],
    "file_path": "renderings/00000025_rgba.png"
  },
  {
    "w": 512,
    "h": 512,
    "fx": 548.9937684857528,
    "fy": 548.9937684857528,
    "cx": 256.0,
    "cy": 256.0,
    "w2c": [
      [
        0.7071067336835231,
        -0.707106733683523,
        -3.92523088301468e-17,
        1.6385117771444577e-16
      ],
      [
        -0.24184474787774538,
        -0.24184474787774538,
        -0.9396926425729167,
        6.441155315947938e-08
      ],
      [
        0.6644630179132355,
        0.6644630179132355,
        -0.3420201144729133,
        2.7000000234438852
      ],
      [
        0.0,
        0.0,
        0.0,
        1.0
      ]
    ],
    "file_path": "renderings/00000026_rgba.png"
  },
  {
    "w": 512,
    "h": 512,
    "fx": 548.9937684857528,
    "fy": 548.9937684857528,
    "cx": 256.0,
    "cy": 256.0,
    "w2c": [
      [
        0.9238794982873405,
        -0.38268341585202265,
        -7.2347146510960945e-09,
        4.325739530612901e-08
      ],
      [
        -0.13088545338308466,
        -0.31598540961450505,
        -0.9396926340719236,
        3.783383143847687e-08
      ],
      [
        0.35960479470242374,
        0.8681627550418891,
        -0.34202010802687993,
        2.699999861197942
      ],
      [
        0.0,
        0.0,
        0.0,
        1.0
      ]
    ],
    "file_path": "renderings/00000027_rgba.png"
  },
  {
    "w": 512,
    "h": 512,
    "fx": 548.9937684857528,
    "fy": 548.9937684857528,
    "cx": 256.0,
    "cy": 256.0,
    "w2c": [
      [
        1.0,
        -1.8369700981851821e-16,
        -3.4335251018430225e-25,
        -1.1767617178675373e-23
      ],
      [
        -6.282808551155719e-17,
        -0.3420201279649535,
        -0.939692626815058,
        2.7716773020088448e-08
      ],
      [
        1.726187551107108e-16,
        0.939692626815058,
        -0.3420201577672762,
        2.7000001242619702
      ],
      [
        0.0,
        0.0,
        0.0,
        1.0
      ]
    ],
    "file_path": "renderings/00000028_rgba.png"
  },
  {
    "w": 512,
    "h": 512,
    "fx": 548.9937684857528,
    "fy": 548.9937684857528,
    "cx": 256.0,
    "cy": 256.0,
    "w2c": [
      [
        0.9238794982873405,
        0.38268341585202265,
        7.2347146510960945e-09,
        -4.325739530612901e-08
      ],
      [
        0.13088545338308466,
        -0.31598540961450505,
        -0.9396926340719236,
        3.783383143847687e-08
      ],
      [
        -0.35960479470242374,
        0.8681627550418891,
        -0.34202010802687993,
        2.699999861197942
      ],
      [
        0.0,
        0.0,
        0.0,
        1.0
      ]
    ],
    "file_path": "renderings/00000029_rgba.png"
  },
  {
    "w": 512,
    "h": 512,
    "fx": 548.9937684857528,
    "fy": 548.9937684857528,
    "cx": 256.0,
    "cy": 256.0,
    "w2c": [
      [
        0.7071067336835231,
        0.707106733683523,
        3.92523088301468e-17,
        -1.6385117771444577e-16
      ],
      [
        0.24184474787774538,
        -0.24184474787774538,
        -0.9396926425729167,
        6.441155315947938e-08
      ],
      [
        -0.6644630179132355,
        0.6644630179132355,
        -0.3420201144729133,
        2.7000000234438852
      ],
      [
        0.0,
        0.0,
        0.0,
        1.0
      ]
    ],
    "file_path": "renderings/00000030_rgba.png"
  },
  {
    "w": 512,
    "h": 512,
    "fx": 548.9937684857528,
    "fy": 548.9937684857528,
    "cx": 256.0,
    "cy": 256.0,
    "w2c": [
      [
        0.38268341585202265,
        0.9238794982873405,
        -7.2347146510960945e-09,
        4.325739530612901e-08
      ],
      [
        0.31598540961450505,
        -0.13088545338308466,
        -0.9396926340719236,
        3.783383143847687e-08
      ],
      [
        -0.8681627550418891,
        0.35960479470242374,
        -0.34202010802687993,
        2.699999861197942
      ],
      [
        0.0,
        0.0,
        0.0,
        1.0
      ]
    ],
    "file_path": "renderings/00000031_rgba.png"
  },
  {
    "w": 512,
    "h": 512,
    "fx": 548.9937684857528,
    "fy": 548.9937684857528,
    "cx": 256.0,
    "cy": 256.0,
    "w2c": [
      [
        0.0,
        1.0,
        0.0,
        0.0
      ],
      [
        0.6427876136651514,
        0.0,
        -0.7660444831044824,
        4.7705842007999213e-08
      ],
      [
        -0.7660444234998341,
        0.0,
        -0.6427876732697996,
        2.700000110057461
      ],
      [
        0.0,
        0.0,
        0.0,
        1.0
      ]
    ],
    "file_path": "renderings/00000032_rgba.png"
  },
  {
    "w": 512,
    "h": 512,
    "fx": 548.9937684857528,
    "fy": 548.9937684857528,
    "cx": 256.0,
    "cy": 256.0,
    "w2c": [
      [
        -0.38268337882082987,
        0.9238794416770024,
        -5.725072886192388e-10,
        9.448091003104265e-10
      ],
      [
        0.5938582720831151,
        0.24598416053438402,
        -0.7660444424892353,
        9.073317472272335e-08
      ],
      [
        -0.7077328168755409,
        -0.2931525433351199,
        -0.6427875796050582,
        2.7000000587794672
      ],
      [
        0.0,
        0.0,
        0.0,
        1.0
      ]
    ],
    "file_path": "renderings/00000033_rgba.png"
  },
  {
    "w": 512,
    "h": 512,
    "fx": 548.9937684857528,
    "fy": 548.9937684857528,
    "cx": 256.0,
    "cy": 256.0,
    "w2c": [
      [
        -0.7071067932881648,
        0.7071067932881648,
        0.0,
        0.0
      ],
      [
        0.45451947781679997,
        0.45451947781679997,
        -0.7660444691036431,
        4.9677888977977737e-08
      ],
      [
        -0.5416752033666214,
        -0.5416752033666214,
        -0.6427876899553495,
        2.7000001077072673
      ],
      [
        0.0,
        0.0,
        0.0,
        1.0
      ]
    ],
    "file_path": "renderings/00000034_rgba.png"
  },
  {
    "w": 512,
    "h": 512,
    "fx": 548.9937684857528,
    "fy": 548.9937684857528,
    "cx": 256.0,
    "cy": 256.0,
    "w2c": [
      [
        -0.9238794416770024,
        0.38268337882082987,
        5.725072886192388e-10,
        -9.448091003104265e-10
      ],
      [
        0.24598416053438402,
        0.5938582720831151,
        -0.7660444424892353,
        9.073317472272335e-08
      ],
      [
        -0.2931525433351199,
        -0.7077328168755409,
        -0.6427875796050582,
        2.7000000587794672
      ],
      [
        0.0,
        0.0,
        0.0,
        1.0
      ]
    ],
    "file_path": "renderings/00000035_rgba.png"
  },
  {
    "w": 512,
    "h": 512,
    "fx": 548.9937684857528,
    "fy": 548.9937684857528,
    "cx": 256.0,
    "cy": 256.0,
    "w2c": [
      [
        -1.0,
        6.123233729629453e-17,
        2.1212078577317583e-24,
        1.3474526420180091e-24
      ],
      [
        3.935938289056469e-17,
        0.6427876136651514,
        -0.7660444831044824,
        4.7705842007999213e-08
      ],
      [
        -4.690668447046104e-17,
        -0.7660444234998341,
        -0.6427876732697996,
        2.700000110057461
      ],
      [
        0.0,
        0.0,
        0.0,
        1.0
      ]
    ],
    "file_path": "renderings/00000036_rgba.png"
  },
  {
    "w": 512,
    "h": 512,
    "fx": 548.9937684857528,
    "fy": 548.9937684857528,
    "cx": 256.0,
    "cy": 256.0,
    "w2c": [
      [
        -0.9238794416770024,
        -0.38268337882082987,
        -5.725072886192388e-10,
        9.448091003104265e-10
      ],
      [
        -0.24598416053438402,
        0.5938582720831151,
        -0.7660444424892353,
        9.073317472272335e-08
      ],
      [
        0.2931525433351199,
        -0.7077328168755409,
        -0.6427875796050582,
        2.7000000587794672
      ],
      [
        0.0,
        0.0,
        0.0,
        1.0
      ]
    ],
    "file_path": "renderings/00000037_rgba.png"
  },
  {
    "w": 512,
    "h": 512,
    "fx": 548.9937684857528,
    "fy": 548.9937684857528,
    "cx": 256.0,
    "cy": 256.0,
    "w2c": [
      [
        -0.7071067932881648,
        -0.7071067932881648,
        0.0,
        0.0
      ],
      [
        -0.45451947781679997,
        0.45451947781679997,
        -0.7660444691036431,
        4.9677888977977737e-08
      ],
      [
        0.5416752033666214,
        -0.5416752033666214,
        -0.6427876899553495,
        2.7000001077072673
      ],
      [
        0.0,
        0.0,
        0.0,
        1.0
      ]
    ],
    "file_path": "renderings/00000038_rgba.png"
  },
  {
    "w": 512,
    "h": 512,
    "fx": 548.9937684857528,
    "fy": 548.9937684857528,
    "cx": 256.0,
    "cy": 256.0,
    "w2c": [
      [
        -0.38268337882082987,
        -0.9238794416770024,
        5.725072886192388e-10,
        -9.448091003104265e-10
      ],
      [
        -0.5938582720831151,
        0.24598416053438402,
        -0.7660444424892353,
        9.073317472272335e-08
      ],
      [
        0.7077328168755409,
        -0.2931525433351199,
        -0.6427875796050582,
        2.7000000587794672
      ],
      [
        0.0,
        0.0,
        0.0,
        1.0
      ]
    ],
    "file_path": "renderings/00000039_rgba.png"
  },
  {
    "w": 512,
    "h": 512,
    "fx": 548.9937684857528,
    "fy": 548.9937684857528,
    "cx": 256.0,
    "cy": 256.0,
    "w2c": [
      [
        -1.2246467459258906e-16,
        -1.0,
        4.2424157154635165e-24,
        2.6949052840360182e-24
      ],
      [
        -0.6427876136651514,
        7.871876578112938e-17,
        -0.7660444831044824,
        4.7705842007999213e-08
      ],
      [
        0.7660444234998341,
        -9.381336894092208e-17,
        -0.6427876732697996,
        2.700000110057461
      ],
      [
        0.0,
        0.0,
        0.0,
        1.0
      ]
    ],
    "file_path": "renderings/00000040_rgba.png"
  },
  {
    "w": 512,
    "h": 512,
    "fx": 548.9937684857528,
    "fy": 548.9937684857528,
    "cx": 256.0,
    "cy": 256.0,
    "w2c": [
      [
        0.38268337882082987,
        -0.9238794416770024,
        -5.725072886192388e-10,
        9.448091003104265e-10
      ],
      [
        -0.5938582720831151,
        -0.24598416053438402,
        -0.7660444424892353,
        9.073317472272335e-08
      ],
      [
        0.7077328168755409,
        0.2931525433351199,
        -0.6427875796050582,
        2.7000000587794672
      ],
      [
        0.0,
        0.0,
        0.0,
        1.0
      ]
    ],
    "file_path": "renderings/00000041_rgba.png"
  },
  {
    "w": 512,
    "h": 512,
    "fx": 548.9937684857528,
    "fy": 548.9937684857528,
    "cx": 256.0,
    "cy": 256.0,
    "w2c": [
      [
        0.7071067932881648,
        -0.7071067932881648,
        0.0,
        0.0
      ],
      [
        -0.45451947781679997,
        -0.45451947781679997,
        -0.7660444691036431,
        4.9677888977977737e-08
      ],
      [
        0.5416752033666214,
        0.5416752033666214,
        -0.6427876899553495,
        2.7000001077072673
      ],
      [
        0.0,
        0.0,
        0.0,
        1.0
      ]
    ],
    "file_path": "renderings/00000042_rgba.png"
  },
  {
    "w": 512,
    "h": 512,
    "fx": 548.9937684857528,
    "fy": 548.9937684857528,
    "cx": 256.0,
    "cy": 256.0,
    "w2c": [
      [
        0.9238794416770024,
        -0.38268337882082987,
        5.725072886192388e-10,
        -9.448091003104265e-10
      ],
      [
        -0.24598416053438402,
        -0.5938582720831151,
        -0.7660444424892353,
        9.073317472272335e-08
      ],
      [
        0.2931525433351199,
        0.7077328168755409,
        -0.6427875796050582,
        2.7000000587794672
      ],
      [
        0.0,
        0.0,
        0.0,
        1.0
      ]
    ],
    "file_path": "renderings/00000043_rgba.png"
  },
  {
    "w": 512,
    "h": 512,
    "fx": 548.9937684857528,
    "fy": 548.9937684857528,
    "cx": 256.0,
    "cy": 256.0,
    "w2c": [
      [
        1.0,
        -1.8369702759216937e-16,
        -2.0559073263411712e-24,
        -1.3824743225839232e-23
      ],
      [
        -1.1807816568614054e-16,
        -0.6427876136651514,
        -0.7660444831044824,
        4.7705842007999213e-08
      ],
      [
        1.4072007368841016e-16,
        0.7660444234998341,
        -0.6427876732697996,
        2.700000110057461
      ],
      [
        0.0,
        0.0,
        0.0,
        1.0
      ]
    ],
    "file_path": "renderings/00000044_rgba.png"
  },
  {
    "w": 512,
    "h": 512,
    "fx": 548.9937684857528,
    "fy": 548.9937684857528,
    "cx": 256.0,
    "cy": 256.0,
    "w2c": [
      [
        0.9238794416770024,
        0.38268337882082987,
        -5.725072886192388e-10,
        9.448091003104265e-10
      ],
      [
        0.24598416053438402,
        -0.5938582720831151,
        -0.7660444424892353,
        9.073317472272335e-08
      ],
      [
        -0.2931525433351199,
        0.7077328168755409,
        -0.6427875796050582,
        2.7000000587794672
      ],
      [
        0.0,
        0.0,
        0.0,
        1.0
      ]
    ],
    "file_path": "renderings/00000045_rgba.png"
  },
  {
    "w": 512,
    "h": 512,
    "fx": 548.9937684857528,
    "fy": 548.9937684857528,
    "cx": 256.0,
    "cy": 256.0,
    "w2c": [
      [
        0.7071067932881648,
        0.7071067932881648,
        0.0,
        0.0
      ],
      [
        0.45451947781679997,
        -0.45451947781679997,
        -0.7660444691036431,
        4.9677888977977737e-08
      ],
      [
        -0.5416752033666214,
        0.5416752033666214,
        -0.6427876899553495,
        2.7000001077072673
      ],
      [
        0.0,
        0.0,
        0.0,
        1.0
      ]
    ],
    "file_path": "renderings/00000046_rgba.png"
  },
  {
    "w": 512,
    "h": 512,
    "fx": 548.9937684857528,
    "fy": 548.9937684857528,
    "cx": 256.0,
    "cy": 256.0,
    "w2c": [
      [
        0.38268337882082987,
        0.9238794416770024,
        5.725072886192388e-10,
        -9.448091003104265e-10
      ],
      [
        0.5938582720831151,
        -0.24598416053438402,
        -0.7660444424892353,
        9.073317472272335e-08
      ],
      [
        -0.7077328168755409,
        0.2931525433351199,
        -0.6427875796050582,
        2.7000000587794672
      ],
      [
        0.0,
        0.0,
        0.0,
        1.0
      ]
    ],
    "file_path": "renderings/00000047_rgba.png"
  },
  {
    "w": 512,
    "h": 512,
    "fx": 548.9937684857528,
    "fy": 548.9937684857528,
    "cx": 256.0,
    "cy": 256.0,
    "w2c": [
      [
        0.0,
        1.0,
        0.0,
        0.0
      ],
      [
        0.8660253519516076,
        0.0,
        -0.5000000134611756,
        4.4917457782251035e-08
      ],
      [
        -0.5000000134611757,
        0.0,
        -0.8660254711609003,
        2.700000125483039
      ],
      [
        0.0,
        0.0,
        0.0,
        1.0
      ]
    ],
    "file_path": "renderings/00000048_rgba.png"
  },
  {
    "w": 512,
    "h": 512,
    "fx": 548.9937684857528,
    "fy": 548.9937684857528,
    "cx": 256.0,
    "cy": 256.0,
    "w2c": [
      [
        -0.38268344407495514,
        0.9238794619079664,
        -1.01552573589176e-08,
        3.126551510311157e-08
      ],
      [
        0.8001031286050443,
        0.3314136199131259,
        -0.500000008577572,
        6.9404715733953025e-09
      ],
      [
        -0.46193979017923337,
        -0.19134177517001622,
        -0.8660254739804503,
        2.700000147409063
      ],
      [
        0.0,
        0.0,
        0.0,
        1.0
      ]
    ],
    "file_path": "renderings/00000049_rgba.png"
  },
  {
    "w": 512,
    "h": 512,
    "fx": 548.9937684857528,
    "fy": 548.9937684857528,
    "cx": 256.0,
    "cy": 256.0,
    "w2c": [
      [
        -0.7071067336835231,
        0.7071067336835231,
        0.0,
        0.0
      ],
      [
        0.6123723982359439,
        0.6123723982359439,
        -0.49999997756523024,
        6.833242725305924e-09
      ],
      [
        -0.3535533931248286,
        -0.3535533931248286,
        -0.8660253382633859,
        2.6999997758131875
      ],
      [
        0.0,
        0.0,
        0.0,
        1.0
      ]
    ],
    "file_path": "renderings/00000050_rgba.png"
  },
  {
    "w": 512,
    "h": 512,
    "fx": 548.9937684857528,
    "fy": 548.9937684857528,
    "cx": 256.0,
    "cy": 256.0,
    "w2c": [
      [
        -0.9238794619079664,
        0.38268344407495514,
        1.01552573589176e-08,
        -3.126551510311157e-08
      ],
      [
        0.3314136199131259,
        0.8001031286050443,
        -0.500000008577572,
        6.9404715733953025e-09
      ],
      [
        -0.19134177517001622,
        -0.46193979017923337,
        -0.8660254739804503,
        2.700000147409063
      ],
      [
        0.0,
        0.0,
        0.0,
        1.0
      ]
    ],
    "file_path": "renderings/00000051_rgba.png"
  },
  {
    "w": 512,
    "h": 512,
    "fx": 548.9937684857528,
    "fy": 548.9937684857528,
    "cx": 256.0,
    "cy": 256.0,
    "w2c": [
      [
        -1.0,
        6.123233700202435e-17,
        -5.71698554392292e-25,
        4.164935556633028e-24
      ],
      [
        5.302875534544987e-17,
        0.8660253519516076,
        -0.5000000134611756,
        4.4917457782251035e-08
      ],
      [
        -3.061616883016598e-17,
        -0.5000000134611757,
        -0.8660254711609003,
        2.700000125483039
      ],
      [
        0.0,
        0.0,
        0.0,
        1.0
      ]
    ],
    "file_path": "renderings/00000052_rgba.png"
  },
  {
    "w": 512,
    "h": 512,
    "fx": 548.9937684857528,
    "fy": 548.9937684857528,
    "cx": 256.0,
    "cy": 256.0,
    "w2c": [
      [
        -0.9238794619079664,
        -0.38268344407495514,
        -1.01552573589176e-08,
        3.126551510311157e-08
      ],
      [
        -0.3314136199131259,
        0.8001031286050443,
        -0.500000008577572,
        6.9404715733953025e-09
      ],
      [
        0.19134177517001622,
        -0.46193979017923337,
        -0.8660254739804503,
        2.700000147409063
      ],
      [
        0.0,
        0.0,
        0.0,
        1.0
      ]
    ],
    "file_path": "renderings/00000053_rgba.png"
  },
  {
    "w": 512,
    "h": 512,
    "fx": 548.9937684857528,
    "fy": 548.9937684857528,
    "cx": 256.0,
    "cy": 256.0,
    "w2c": [
      [
        -0.7071067336835231,
        -0.7071067336835231,
        0.0,
        0.0
      ],
      [
        -0.6123723982359439,
        0.6123723982359439,
        -0.49999997756523024,
        6.833242725305924e-09
      ],
      [
        0.3535533931248286,
        -0.3535533931248286,
        -0.8660253382633859,
        2.6999997758131875
      ],
      [
        0.0,
        0.0,
        0.0,
        1.0
      ]
    ],
    "file_path": "renderings/00000054_rgba.png"
  },
  {
    "w": 512,
    "h": 512,
    "fx": 548.9937684857528,
    "fy": 548.9937684857528,
    "cx": 256.0,
    "cy": 256.0,
    "w2c": [
      [
        -0.38268344407495514,
        -0.9238794619079664,
        1.01552573589176e-08,
        -3.126551510311157e-08
      ],
      [
        -0.8001031286050443,
        0.3314136199131259,
        -0.500000008577572,
        6.9404715733953025e-09
      ],
      [
        0.46193979017923337,
        -0.19134177517001622,
        -0.8660254739804503,
        2.700000147409063
      ],
      [
        0.0,
        0.0,
        0.0,
        1.0
      ]
    ],
    "file_path": "renderings/00000055_rgba.png"
  },
  {
    "w": 512,
    "h": 512,
    "fx": 548.9937684857528,
    "fy": 548.9937684857528,
    "cx": 256.0,
    "cy": 256.0,
    "w2c": [
      [
        -1.224646740040487e-16,
        -1.0,
        -1.143397108784584e-24,
        8.329871113266055e-24
      ],
      [
        -0.8660253519516076,
        1.0605751069089974e-16,
        -0.5000000134611756,
        4.4917457782251035e-08
      ],
      [
        0.5000000134611757,
        -6.123233766033196e-17,
        -0.8660254711609003,
        2.700000125483039
      ],
      [
        0.0,
        0.0,
        0.0,
        1.0
      ]
    ],
    "file_path": "renderings/00000056_rgba.png"
  },
  {
    "w": 512,
    "h": 512,
    "fx": 548.9937684857528,
    "fy": 548.9937684857528,
    "cx": 256.0,
    "cy": 256.0,
    "w2c": [
      [
        0.38268344407495514,
        -0.9238794619079664,
        -1.01552573589176e-08,
        3.126551510311157e-08
      ],
      [
        -0.8001031286050443,
        -0.3314136199131259,
        -0.500000008577572,
        6.9404715733953025e-09
      ],
      [
        0.46193979017923337,
        0.19134177517001622,
        -0.8660254739804503,
        2.700000147409063
      ],
      [
        0.0,
        0.0,
        0.0,
        1.0
      ]
    ],
    "file_path": "renderings/00000057_rgba.png"
  },
  {
    "w": 512,
    "h": 512,
    "fx": 548.9937684857528,
    "fy": 548.9937684857528,
    "cx": 256.0,
    "cy": 256.0,
    "w2c": [
      [
        0.7071067336835231,
        -0.7071067336835231,
        0.0,
        0.0
      ],
      [
        -0.6123723982359439,
        -0.6123723982359439,
        -0.49999997756523024,
        6.833242725305924e-09
      ],
      [
        0.3535533931248286,
        0.3535533931248286,
        -0.8660253382633859,
        2.6999997758131875
      ],
      [
        0.0,
        0.0,
        0.0,
        1.0
      ]
    ],
    "file_path": "renderings/00000058_rgba.png"
  },
  {
    "w": 512,
    "h": 512,
    "fx": 548.9937684857528,
    "fy": 548.9937684857528,
    "cx": 256.0,
    "cy": 256.0,
    "w2c": [
      [
        0.9238794619079664,
        -0.38268344407495514,
        1.01552573589176e-08,
        -3.126551510311157e-08
      ],
      [
        -0.3314136199131259,
        -0.8001031286050443,
        -0.500000008577572,
        6.9404715733953025e-09
      ],
      [
        0.19134177517001622,
        0.46193979017923337,
        -0.8660254739804503,
        2.700000147409063
      ],
      [
        0.0,
        0.0,
        0.0,
        1.0
      ]
    ],
    "file_path": "renderings/00000059_rgba.png"
  },
  {
    "w": 512,
    "h": 512,
    "fx": 548.9937684857528,
    "fy": 548.9937684857528,
    "cx": 256.0,
    "cy": 256.0,
    "w2c": [
      [
        1.0,
        -1.8369701266043434e-16,
        1.1503422525201014e-24,
        -3.056189262715003e-24
      ],
      [
        -1.5908627176722466e-16,
        -0.8660253519516076,
        -0.5000000134611756,
        4.4917457782251035e-08
      ],
      [
        9.184850979922048e-17,
        0.5000000134611757,
        -0.8660254711609003,
        2.700000125483039
      ],
      [
        0.0,
        0.0,
        0.0,
        1.0
      ]
    ],
    "file_path": "renderings/00000060_rgba.png"
  },
  {
    "w": 512,
    "h": 512,
    "fx": 548.9937684857528,
    "fy": 548.9937684857528,
    "cx": 256.0,
    "cy": 256.0,
    "w2c": [
      [
        0.9238794619079664,
        0.38268344407495514,
        -1.01552573589176e-08,
        3.126551510311157e-08
      ],
      [
        0.3314136199131259,
        -0.8001031286050443,
        -0.500000008577572,
        6.9404715733953025e-09
      ],
      [
        -0.19134177517001622,
        0.46193979017923337,
        -0.8660254739804503,
        2.700000147409063
      ],
      [
        0.0,
        0.0,
        0.0,
        1.0
      ]
    ],
    "file_path": "renderings/00000061_rgba.png"
  },
  {
    "w": 512,
    "h": 512,
    "fx": 548.9937684857528,
    "fy": 548.9937684857528,
    "cx": 256.0,
    "cy": 256.0,
    "w2c": [
      [
        0.7071067336835231,
        0.7071067336835231,
        0.0,
        0.0
      ],
      [
        0.6123723982359439,
        -0.6123723982359439,
        -0.49999997756523024,
        6.833242725305924e-09
      ],
      [
        -0.3535533931248286,
        0.3535533931248286,
        -0.8660253382633859,
        2.6999997758131875
      ],
      [
        0.0,
        0.0,
        0.0,
        1.0
      ]
    ],
    "file_path": "renderings/00000062_rgba.png"
  },
  {
    "w": 512,
    "h": 512,
    "fx": 548.9937684857528,
    "fy": 548.9937684857528,
    "cx": 256.0,
    "cy": 256.0,
    "w2c": [
      [
        0.38268344407495514,
        0.9238794619079664,
        1.01552573589176e-08,
        -3.126551510311157e-08
      ],
      [
        0.8001031286050443,
        -0.3314136199131259,
        -0.500000008577572,
        6.9404715733953025e-09
      ],
      [
        -0.46193979017923337,
        0.19134177517001622,
        -0.8660254739804503,
        2.700000147409063
      ],
      [
        0.0,
